f = a*x+a3+(a1-a2)./(1+exp((x-x0)/dx))
a = 0
a3 = -100
a1 = -100
a2 = 200
x0 = 3450
dx = -1
