Sys.S = 0.5
Sys.g(1) = 2.067
Sys.g(2:3) = 2.00582
Sys.lw = 1.24
Sys.gStrain(1) = 0.006
Sys.gStrain(2:3) = 0.0056
Sys.I(1:4) = 0.5
Sys.gn(1:4) = 0.1806
Sys.A(1, 1:3) = [30, 26.8, 24]
Sys.A(2, 1:3) = [28, 30.3, 21.8]
Sys.A(3, 1:3) = [35.4, 35, 30.4]
Sys.A(4, 1:3) = [38.4, 34.5, 30.8]
Sys.Apa(1, 1:3) = [25 21 0]*pi/180
Sys.Apa(2, 1:3) = [0 13.6 0]*pi/180
Sys.Apa(3, 1:3) = [0 5 0]*pi/180
Sys.Apa(4, 1:3) = [0 3.2 0]*pi/180
Opt.nKnots = 50
Opt.Sim = 'EPR05'
Exp.mwFreq = 9.7587
Opt.unit_cnv = 10
Exp.Harmonic = 1
Shift.dx = 0
Shift.s = -0.42
Shift.Scale = 1
