Sys.S = 0.5
Sys.I = 0.5
Sys.g(1) = 1.989
Sys.g(2) = 1.988
Sys.g(3) = 1.9925
Sys.I = [7/2 1/2]
Sys.gn = [0 0]
Opt.Nuclei = 2
Sys.A(1, 1) = 253
Sys.A(1, 2) = 243
Sys.A(1, 3) = 20
Sys.A(2, 1) = 2.1
Sys.A(2, 2) = 3.8
Sys.A(2, 3) = 3.51
Sys.Apa(1, 1) = 0
Sys.Apa(1, 2) = 0
Sys.Apa(1, 3) = 0
Sys.Apa(2, 1) = -30
Sys.Apa(2, 2) = 40
Sys.Apa(2, 3) = 0
Sys.Apa = Sys.Apa
Sys.lwEndor = 0.2
Exp.Field = [    0.3789    0.3750    0.3699    0.3655    0.3609    0.3580    0.3524    0.3500    0.3471    0.3435    0.3380    0.3349    0.3301    0.3266    0.3231    0.3183    0.3120].'*1e3
Exp.Range(1) = -4
Exp.Range(2) = 4
Exp.mwFreq = 9.71868
Exp.nPoints = 200
Exp.ExciteWidth = 60
Opt.nKnots = 30
Opt.Sim = 'moloko'
Opt.ShowEPRsel = 0
Shift.x = 0
Shift.y = 1
Shift.yslicelabel = '%5.2f'
Shift.yslicelabeldy = 0.3
Shift.wf = 1.03
Shift.Scale = 1
