f = a*(x-xoo)+a3+(a1-a2)./(1+exp((x-x0)/dx))
a = 0.26
xoo = 3470
a3 = 350
a1 = -160
a2 = 300
x0 = 3454
dx = -8
